(1,11) (2,9) (3,12) (4,10) (4,13) (4,15) 
(4,23) (4,24) (5,7) (5,13) (5,14) 
(5,22) (5,23) (6,23) (7,10) (7,12) 
(7,14) (7,24) (8,11) (8,12) (8,15) 
(11,28) (13,29) (14,28) (15,27) (16,28) 
(18,21) (20,17) (20,19) (20,20) (22,18) 
(22,19) (22,20) (5,10) (5,11) (5,12) (6,10) (6,12) (7,12) 
(0,14) (1,14) (3,9) (3,12) (4,10) (5,9) 
(5,14) (5,22) (5,25) (6,9) (6,17) 
(6,18) (6,19) (6,21) (6,22) (6,24) 
(7,10) (7,12) (7,19) (7,24) (8,10) 
(8,11) (8,18) (9,8) (9,10) (9,11) 
(9,16) (9,20) (9,21) (10,8) (10,9) 
(10,10) (10,15) (10,16) (10,17) (10,18) 
(10,23) (10,24) (11,16) (11,17) (11,21) 
(11,23) (12,18) (19,20) (19,21) (20,17) 
(20,18) (21,17) (21,21) (23,18) (23,19) 
(23,20) (23,22) (29,14) (0,13) (0,14) (0,18) (3,13) (3,22) (4,11) 
(4,23) (5,9) (5,10) (5,16) (5,22) 
(5,25) (6,12) (6,21) (7,10) (7,12) 
(7,25) (7,26) (8,7) (8,11) (8,23) 
(8,25) (10,24) (10,27) (19,17) (19,19) 
(20,19) (21,18) (21,20) (2,19) (2,26) (2,27) (4,13) (4,15) (5,6) 
(5,13) (5,22) (5,25) (6,9) (6,12) 
(6,17) (6,25) (7,8) (7,19) (8,9) 
(8,12) (8,13) (8,15) (8,17) (8,29) 
(9,8) (9,18) (9,20) (10,7) (10,12) 
(10,16) (11,16) (11,21) (11,23) (13,20) 
(20,18) (20,19) (20,20) (21,20) (22,18) 
(22,20) (25,22) (1,2) (1,9) (2,8) (2,9) (3,8) (3,9) 
(4,7) (7,15) (8,14) (8,15) (9,13) 
(9,15) (23,2) (24,4) (28,5) (29,3) 
(0,17) (1,16) (1,17) (2,17) (4,10) (4,23) 
(4,24) (5,10) (5,11) (5,21) (5,24) 
(6,8) (6,9) (6,10) (6,20) (6,27) 
(7,6) (7,15) (7,20) (7,25) (8,11) 
(8,24) (9,21) (9,24) (10,23) (10,28) 
(11,27) (11,29) (12,26) (13,0) (13,27) 
(14,0) (14,27) (15,1) (17,22) (17,23) 
(18,22) (18,25) (19,20) (19,21) (20,19) 
(20,21) (20,24) (21,21) (22,18) (22,19) 
(23,19) (0,15) (0,17) (0,18) (1,14) (1,17) (1,18) 
(2,16) (2,17) (19,29) (20,27) (21,1) 
(21,26) (22,28) (29,16) (0,14) (4,15) (5,16) (7,22) (8,23) (8,24) 
(9,22) (9,29) (12,17) (12,26) (13,27) 
(13,29) (14,20) (14,28) (17,24) (18,24) 
(18,26) (19,24) (21,19) (28,20) (29,18) 
(0,15) (0,17) (1,17) (2,15) (4,13) (4,23) 
(4,24) (5,9) (5,11) (5,21) (5,23) 
(6,10) (6,20) (6,23) (6,25) (7,8) 
(7,9) (7,12) (7,13) (7,20) (7,26) 
(8,11) (8,25) (9,21) (9,24) (10,23) 
(11,27) (11,28) (11,29) (12,26) (13,26) 
(14,0) (14,28) (15,29) (17,22) (17,25) 
(18,18) (18,22) (19,20) (19,21) (19,25) 
(20,21) (21,23) (23,22) (24,18) (25,19) 
(2,11) (4,9) (4,11) (4,23) (4,24) (5,9) 
(5,10) (5,12) (5,13) (5,14) (5,22) 
(5,23) (6,15) (6,23) (7,11) (7,14) 
(7,24) (8,11) (8,12) (9,9) (9,10) 
(12,0) (13,29) (14,28) (16,27) (17,27) 
(20,18) (20,19) (20,20) (21,18) (21,20) 
(22,19) (22,20) (23,17) (5,23) (6,4) (6,6) (6,21) (6,24) (7,24) 
(8,2) (8,4) (8,25) (9,23) (5,9) (5,10) (5,11) (6,9) (6,11) (7,11) 
(7,16) (19,22) (21,24) (22,19) (22,20) 
(4,21) (5,20) (5,21) (6,20) (10,19) (11,19) 
(18,14) (18,15) (18,16) (19,13) (19,16) 
(20,13) (20,14) (20,15) (1,18) (3,26) (5,10) (5,16) (5,22) (5,23) 
(6,11) (6,12) (6,20) (6,25) (7,9) 
(7,10) (7,11) (7,25) (8,10) (9,23) 
(9,24) (20,20) (23,14) (23,16) (23,18) 
(24,16) (24,20) (2,10) (3,10) (3,11) (4,10) (4,12) (4,13) 
(4,21) (4,24) (5,9) (5,10) (5,24) 
(5,25) (6,10) (6,17) (6,19) (6,25) 
(6,26) (7,8) (7,10) (7,13) (7,17) 
(7,18) (7,19) (7,20) (7,21) (7,23) 
(7,25) (8,7) (8,10) (8,11) (8,12) 
(8,18) (8,21) (8,25) (8,26) (9,8) 
(9,15) (9,16) (9,18) (9,22) (9,25) 
(10,15) (10,16) (10,17) (10,21) (10,24) 
(10,25) (11,16) (11,27) (11,28) (12,28) 
(13,0) (13,28) (14,0) (14,29) (17,23) 
(17,24) (18,16) (18,17) (19,20) (19,23) 
(19,24) (19,25) (20,18) (20,19) (20,21) 
(22,18) (22,21) (23,19) (0,14) (0,15) (0,17) (0,18) (1,17) (1,18) 
(2,17) (18,26) (19,28) (20,27) (21,26) 
(29,16) (4,11) (4,12) (4,13) (5,12) (5,13) (6,11) 
(6,12) (6,13) (11,27) (11,28) (11,29) 
(12,28) (13,29) (19,24) (1,14) (2,13) (2,15) (3,2) (3,14) (3,15) 
(3,26) (3,27) (4,0) (4,2) (4,20) 
(4,21) (4,26) (5,0) (5,1) (5,2) 
(5,20) (5,21) (5,26) (6,20) (6,21) 
(11,22) (11,23) (17,15) (18,14) (18,15) 
(18,16) (19,13) (19,16) (20,13) (20,14) 
(20,15) (21,14) (0,8) (2,15) (2,23) (3,18) (4,9) (4,11) 
(4,13) (4,23) (5,10) (5,13) (5,14) 
(5,22) (5,23) (6,23) (7,17) (8,11) 
(8,12) (9,10) (9,22) (10,9) (12,0) 
(12,28) (14,28) (16,26) (16,27) (18,14) 
(18,20) (19,19) (20,17) (20,19) (20,20) 
(21,18) (20,22) (23,29) (25,24) (26,22) (26,24) (27,22) 
(27,23) (27,24) (5,23) (5,24) (6,22) (6,25) (7,23) (7,24) 
(7,25) (9,22) (13,0) (13,28) (13,29) 
(14,28) (3,10) (3,11) (3,13) (3,14) (4,11) (4,15) 
(4,22) (4,23) (4,24) (5,15) (5,22) 
(6,9) (6,10) (6,22) (7,14) (7,23) 
(7,24) (7,25) (8,10) (8,24) (8,25) 
(9,10) (9,12) (13,29) (15,27) (18,19) 
(18,20) (19,18) (19,21) (20,17) (21,17) 
(21,19) (21,20) (22,18) (1,19) (1,20) (2,20) (22,13) (25,15) (26,14) 
(26,15) (26,17) (26,18) (27,13) (27,15) 
(27,17) (29,14) (29,19) (0,13) (0,14) (0,15) (3,11) (3,12) (4,9) 
(4,10) (4,13) (5,9) (5,14) (5,23) 
(5,25) (6,10) (6,12) (6,13) (6,17) 
(6,18) (6,21) (6,22) (6,24) (6,26) 
(7,11) (7,12) (7,16) (7,18) (7,19) 
(7,22) (7,23) (8,7) (8,10) (8,18) 
(8,22) (8,23) (9,8) (9,9) (9,10) 
(9,15) (9,18) (9,23) (9,25) (10,9) 
(10,16) (10,17) (10,21) (10,22) (10,23) 
(10,24) (11,16) (11,21) (12,21) (19,18) 
(19,20) (19,21) (20,18) (21,17) (22,18) 
(22,21) (23,19) (23,20) (4,11) (4,12) (4,13) (4,14) (5,9) (5,10) 
(6,9) (6,10) (6,13) (7,11) (7,12) 
(7,22) (8,22) (8,23) (9,23) (12,27) 
(13,27) (13,28) (14,27) (14,28) (17,23) 
(17,24) (17,25) (18,24) (18,25) (19,23) 
(19,24) (19,25) (5,10) (5,11) (5,12) (5,16) (6,9) (6,12) 
(7,11) (21,19) (21,20) (21,24) (22,20) 
(22,22) (1,1) (1,3) (2,1) (2,4) (3,3) (4,11) 
(5,10) (5,12) (6,10) (6,12) (6,13) 
(7,11) (4,11) (5,12) (5,13) (5,22) (5,23) (5,24) 
(6,10) (6,12) (6,13) (6,22) (6,25) 
(7,10) (7,11) (7,23) (7,24) (7,25) 
(10,9) (20,21) (21,19) (21,20) (22,18) 
(23,18) (4,10) (4,25) (5,10) (5,12) (5,22) (5,23) 
(5,24) (6,10) (6,13) (6,25) (7,11) 
(7,12) (7,13) (7,26) (17,23) (20,21) 
(21,19) (21,20) (22,17) (22,19) (0,14) (2,10) (3,11) (4,11) (4,12) (4,13) 
(5,9) (5,12) (5,13) (5,17) (5,20) 
(5,22) (5,24) (6,10) (6,16) (6,22) 
(6,25) (6,26) (7,10) (7,13) (7,16) 
(7,22) (7,25) (7,26) (8,7) (8,9) 
(8,15) (8,23) (8,25) (8,26) (9,8) 
(9,16) (9,23) (9,24) (10,10) (10,11) 
(10,15) (10,17) (10,19) (11,21) (11,22) 
(11,23) (19,16) (20,20) (20,22) (21,18) 
(21,20) (22,20) (23,15) (28,13) (0,1) (2,1) (2,5) (3,1) (3,3) (4,10) 
(5,10) (5,12) (5,16) (6,10) (6,11) 
(6,12) (2,13) (4,11) (4,12) (5,12) (6,9) (6,10) 
(7,10) (9,11) (21,19) (22,19) (22,22) 
(23,21) (1,18) (4,10) (4,11) (4,20) (5,10) (5,12) 
(5,13) (6,12) (6,22) (7,21) (7,23) 
(8,21) (8,22) (8,23) (9,11) (9,22) 
(9,23) (11,2) (11,27) (11,28) (12,0) 
(12,28) (13,28) (14,28) (14,29) (16,22) 
(16,23) (16,24) (16,27) (17,22) (17,23) 
(17,24) (18,22) (18,25) (20,21) (20,23) 
(20,26) (21,21) (4,10) (4,11) (5,9) (5,12) (6,8) (6,10) 
(7,8) (7,10) (7,11) (7,17) (7,18) 
(7,19) (8,7) (8,18) (9,8) (9,9) 
(9,15) (9,18) (10,16) (10,17) (10,21) 
(11,16) (11,21) (12,21) (20,19) (21,21) 
(22,19) (22,21) (0,15) (0,17) (1,17) (2,15) (4,12) (4,13) 
(4,16) (4,24) (5,9) (5,11) (5,21) 
(5,23) (6,10) (6,20) (6,23) (6,25) 
(7,9) (7,20) (8,7) (8,11) (8,21) 
(8,25) (8,27) (9,21) (9,24) (9,27) 
(11,27) (11,28) (13,25) (13,26) (14,27) 
(14,28) (16,28) (17,22) (17,25) (18,18) 
(18,22) (19,21) (19,25) (20,21) (21,18) 
(21,21) (25,19) (25,22) (4,11) (5,10) (5,12) (5,13) (5,22) (5,23) 
(5,24) (6,10) (6,12) (6,13) (6,22) 
(6,25) (7,11) (7,12) (7,23) (7,24) 
(7,25) (20,20) (20,21) (21,19) (21,20) 
(22,18) (22,19) (4,11) (4,12) (4,13) (5,9) (5,10) (5,14) 
(6,9) (6,10) (6,13) (6,23) (6,24) 
(6,25) (7,5) (7,11) (7,12) (7,23) 
(7,24) (7,25) (1,8) (1,9) (3,11) (4,9) (4,12) (5,10) 
(5,15) (5,23) (6,9) (6,10) (6,14) 
(6,23) (6,24) (7,11) (7,12) (7,13) 
(7,14) (7,24) (7,25) (7,26) (9,12) 
(9,23) (20,20) (21,18) (21,19) (1,14) (3,12) (4,11) (4,12) (18,17) (26,13) 
(27,14) (27,15) (28,13) (28,14) (28,15) 
(29,14) (0,14) (1,14) (2,11) (3,7) (3,9) (3,11) 
(4,12) (4,13) (4,22) (5,12) (5,18) 
(5,22) (5,24) (6,12) (6,13) (6,17) 
(6,25) (6,26) (7,8) (7,13) (7,18) 
(7,19) (7,22) (7,25) (8,7) (8,11) 
(8,18) (8,23) (8,25) (9,8) (9,9) 
(9,16) (9,18) (9,24) (9,25) (10,15) 
(10,16) (10,17) (10,24) (11,21) (11,22) 
(12,7) (14,23) (17,17) (19,16) (19,17) 
(20,19) (21,19) (22,19) (22,20) (0,16) (0,17) (1,17) (1,18) (2,16) (3,10) 
(3,11) (4,12) (4,22) (4,23) (5,12) 
(5,13) (5,21) (5,26) (6,20) (6,21) 
(6,26) (7,20) (7,26) (8,10) (8,11) 
(8,21) (8,25) (9,21) (9,22) (9,24) 
(9,25) (11,27) (11,28) (12,26) (13,0) 
(13,26) (14,0) (14,27) (15,28) (15,29) 
(17,22) (17,25) (19,19) (19,20) (19,21) 
(19,25) (20,18) (20,22) (20,24) (21,17) 
(21,18) (21,21) (22,19) (22,20) (4,11) (4,12) (4,23) (5,9) (5,15) (5,21) 
(6,9) (6,10) (6,14) (6,16) (6,21) 
(6,22) (6,24) (7,13) (7,24) (8,9) 
(8,11) (9,8) (10,11) (20,19) (21,19) 
(21,21) (22,19) (22,20) (15,20) (16,20) (17,20) (23,7) (23,8) (23,9) 
(24,5) (24,8) (24,9) (25,5) (25,8) 
(26,5) (26,24) (26,25) (27,8) (27,23) 
(27,24) (28,6) (28,8) (28,22) (28,23) 
(29,7) (0,17) (0,18) (1,15) (1,18) (2,16) (2,17) 
(2,18) (3,17) (4,11) (5,10) (5,11) 
(5,12) (6,12) (20,26) (20,27) (21,19) 
(21,20) (21,21) (21,26) (21,27) (22,19) 
(22,20) (22,21) (29,16) (4,4) (5,20) (5,21) (5,22) (7,22) (8,22) 
(9,22) (11,28) (5,22) (5,23) (5,24) (6,22) (6,25) (7,23) 
(7,24) (7,25) (13,0) (13,28) (13,29) 
(14,29) (3,12) (4,10) (4,11) (4,12) (4,24) (5,9) 
(5,12) (5,13) (5,14) (5,22) (5,23) 
(6,12) (6,25) (6,26) (7,9) (7,10) 
(7,14) (7,24) (8,12) (11,14) (11,27) 
(12,0) (13,0) (14,0) (14,28) (20,19) 
(20,20) (20,22) (21,17) (21,18) (22,18) 
(22,19) (0,17) (1,18) (2,19) (3,9) (3,10) (4,12) 
(4,22) (4,23) (5,12) (5,15) (5,21) 
(6,20) (6,21) (6,26) (7,20) (7,26) 
(7,28) (8,7) (8,11) (8,21) (8,25) 
(9,21) (9,22) (9,24) (9,25) (10,26) 
(11,0) (13,0) (13,26) (13,28) (14,24) 
(15,28) (15,29) (16,0) (17,25) (18,19) 
(19,20) (19,21) (19,24) (19,25) (20,18) 
(20,22) (20,24) (21,17) (21,18) (21,21) 
(22,19) (22,20) (27,16) (28,20) (0,9) (2,11) (3,27) (3,28) (4,8) (4,9) 
(4,10) (4,13) (5,6) (5,15) (5,23) 
(6,11) (6,12) (6,25) (7,14) (7,24) 
(8,7) (8,24) (9,4) (9,23) (22,17) 
(22,18) (0,15) (0,16) (1,17) (2,16) (3,15) (3,18) 
(29,16) (17,29) (19,28) (19,29) (20,23) (21,24) (21,25) 
(21,27) (22,22) (22,26) (23,24) (23,25) 
(28,1) (5,21) (5,22) (5,23) (6,21) (6,25) (7,5) 
(7,21) (7,22) (7,23) (7,24) (7,25) 
(12,26) (12,28) (13,27) (13,28) (14,28) 
(3,10) (3,21) (4,23) (5,10) (5,20) (5,23) 
(5,24) (5,25) (6,22) (6,28) (7,21) 
(7,23) (8,10) (8,11) (8,25) (8,28) 
(9,6) (9,10) (9,22) (9,24) (11,3) 
(11,27) (11,28) (12,28) (13,28) (14,29) 
(16,3) (17,23) (17,24) (17,27) (18,23) 
(18,24) (19,21) (20,19) (20,20) (21,20) 
(21,21) (22,15) (22,16) (23,17) (2,5) (3,1) (3,3) (4,10) (4,11) (5,12) 
(6,10) (6,12) (6,14) (8,13) (28,28) 
(29,4) (0,14) (0,18) (4,15) (7,22) (8,19) (8,22) 
(8,23) (8,24) (9,29) (11,18) (12,26) 
(13,27) (13,28) (14,20) (14,28) (17,24) 
(18,22) (18,24) (18,25) (19,24) (27,16) 
(3,19) (7,23) (8,21) (8,24) (10,23) (11,0) 
(11,27) (11,28) (12,28) (13,0) (13,28) 
(16,21) (16,27) (18,23) (19,24) (20,25) 
(21,21) (22,20) (29,21) (1,2) (2,1) (2,2) (2,3) (3,22) (4,1) 
(4,22) (4,23) (5,2) (5,3) (5,21) 
(5,23) (6,8) (6,9) (6,12) (6,13) 
(6,20) (6,21) (6,22) (6,23) (6,24) 
(7,9) (7,10) (7,20) (7,21) (7,23) 
(8,13) (8,21) (8,22) (8,24) (13,0) 
(13,29) (14,0) (14,29) (15,0) (15,29) 
(18,22) (19,19) (19,20) (19,24) (19,25) 
(20,18) (20,26) (21,18) (21,19) (21,20) 
(21,21) (21,22) (21,27) (22,24) (22,27) 
(23,24) (23,26) (24,15) (25,14) (25,15) 
(27,13) (27,15) (28,13) (28,15) (0,13) (0,14) (0,15) (4,11) (4,12) (4,23) 
(5,10) (5,12) (5,13) (5,16) (5,22) 
(5,25) (6,9) (6,10) (6,21) (6,25) 
(7,10) (7,12) (7,23) (7,25) (8,11) 
(8,23) (8,25) (9,24) (10,24) (20,19) 
(21,18) (21,19) (21,20) (22,19) (0,16) (0,17) (1,12) (1,13) (1,16) (1,17) 
(1,18) (2,12) (2,13) (2,14) (2,18) 
(3,12) (3,18) (4,13) (4,14) (5,13) 
(5,14) (7,22) (7,23) (7,24) (8,22) 
(8,23) (8,24) (11,27) (11,28) (11,29) 
(12,28) (15,20) (16,20) (17,20) (19,24) 
(19,25) (20,25) (20,26) (21,25) (21,26) 
(21,28) (22,27) (25,24) (26,23) (26,24) 
(26,25) (27,22) (27,25) (28,22) (28,23) 
(28,24) (29,16) (29,17) (29,23) (1,8) (1,9) (2,10) (3,7) (3,9) (4,8) 
(7,14) (7,15) (8,15) (8,16) (9,15) 
(19,0) (19,29) (20,0) (20,23) (20,24) 
(20,29) (21,22) (21,24) (21,25) (21,26) 
(21,27) (21,28) (22,26) (22,27) (23,25) 
(24,1) (24,2) (24,3) (2,5) (3,1) (3,3) (4,10) (5,12) (6,10) 
(6,12) (6,13) (6,14) (8,13) (28,28) 
(29,4) (4,11) (5,10) (5,12) (6,10) (6,12) (6,13) 
(7,11) (3,7) (4,10) (4,11) (5,9) (5,10) (6,9) 
(7,8) (7,10) (7,16) (7,18) (7,19) 
(8,7) (8,10) (8,15) (8,17) (8,21) 
(9,8) (9,10) (10,16) (11,16) (11,21) 
(11,22) (12,17) (19,17) (19,21) (20,20) 
(20,23) (21,21) (22,19) (0,20) (1,20) (1,21) (2,20) (25,15) (25,16) 
(25,17) (26,14) (26,15) (26,17) (27,14) 
(27,15) (27,16) (27,17) (5,20) (5,21) (5,22) (7,1) (7,22) (8,22) 
(9,22) (11,28) (2,2) (3,2) (4,12) (4,13) (5,9) (5,10) 
(5,12) (5,13) (6,10) (6,12) (6,13) 
(7,11) (1,13) (1,14) (2,12) (2,15) (2,25) (2,26) 
(3,1) (3,2) (3,12) (3,15) (3,24) 
(3,27) (4,0) (4,1) (4,2) (4,14) 
(4,25) (4,26) (4,27) (5,1) (5,27) 
(5,28) (7,0) (7,28) (10,23) (11,22) 
(11,23) (12,22) (2,13) (2,20) (2,24) (3,7) (5,9) (5,22) 
(5,24) (6,12) (6,21) (6,22) (7,10) 
(7,12) (7,20) (7,21) (7,24) (7,25) 
(7,26) (8,11) (8,23) (8,25) (9,24) 
(9,25) (10,22) (14,0) (14,28) (14,29) 
(15,22) (18,19) (18,24) (19,17) (19,22) 
(20,19) (20,20) (20,23) (20,27) (21,21) 
(22,19) (24,21) (0,13) (2,9) (4,9) (4,10) (4,11) (4,14) 
(4,20) (5,23) (5,24) (5,25) (6,22) 
(7,9) (7,10) (8,10) (8,12) (8,13) 
(8,23) (8,24) (8,25) (9,24) (10,15) 
(10,24) (19,18) (20,19) (21,19) (21,21) 
(27,18) (4,10) (4,25) (5,9) (5,22) (5,23) (5,24) 
(6,10) (6,13) (6,25) (7,8) (7,12) 
(7,13) (7,26) (8,13) (14,23) (20,21) 
(21,19) (21,20) (22,17) (22,19) (21,2) (21,6) (22,4) (22,5) (22,7) (22,8) 
(24,6) (24,7) (24,8) (25,6) (25,8) 
(25,10) (26,6) (26,7) (27,7) (28,5) 
(28,8) (29,7) (0,17) (3,14) (4,22) (5,8) (5,22) (6,12) 
(6,14) (6,23) (6,25) (6,29) (7,9) 
(7,25) (8,9) (8,10) (9,13) (9,23) 
(9,25) (20,20) (23,15) (23,19) (24,16) 
(2,8) (2,11) (3,7) (3,9) (4,7) (5,6) 
(7,15) (8,12) (8,13) (8,14) (12,15) 
(22,1) (23,2) (27,4) (29,2) (29,4) 
(4,23) (4,24) (5,9) (5,10) (5,23) (5,24) 
(5,25) (6,9) (6,12) (6,21) (6,24) 
(6,25) (7,8) (7,12) (7,18) (8,7) 
(8,11) (8,12) (8,13) (8,15) (8,17) 
(8,18) (9,8) (9,9) (9,14) (10,13) 
(10,15) (10,17) (11,19) (11,24) (12,18) 
(13,17) (14,21) (20,20) (21,18) (21,19) 
(22,18) (22,19) (22,20) (17,2) (19,29) (20,22) (20,29) (21,22) (21,24) 
(21,27) (21,28) (22,22) (22,24) (22,28) 
(23,25) (23,27) (28,1) (0,13) (2,18) (2,20) (22,13) (25,15) (26,14) 
(26,15) (26,17) (27,15) (27,17) (28,16) 
(29,14) (29,18) (6,13) (6,18) (7,8) (8,7) (8,8) (8,16) 
(8,19) (9,8) (9,9) (9,15) (9,16) 
(9,18) (10,16) (10,17) (10,21) (12,21) 
(4,23) (4,24) (5,11) (5,12) (5,13) (5,22) 
(5,23) (6,11) (6,12) (6,25) (7,22) 
(7,24) (9,22) (1,20) (4,11) (5,9) (5,15) (6,12) (6,14) 
(6,16) (6,21) (6,22) (6,24) (7,10) 
(7,24) (8,9) (8,11) (8,24) (9,8) 
(10,11) (20,19) (21,19) (21,21) (22,17) 
(22,20) (3,10) (4,10) (4,22) (4,23) (4,28) (5,9) 
(5,22) (6,10) (7,8) (7,18) (7,19) 
(7,23) (7,26) (8,4) (8,13) (8,15) 
(8,17) (8,20) (8,23) (9,7) (9,12) 
(9,13) (9,14) (9,20) (10,8) (10,15) 
(11,12) (11,13) (11,15) (11,18) (12,16) 
(12,24) (20,18) (21,19) (21,21) (22,17) 
(22,18) (23,19) (3,11) (4,11) (5,10) (5,12) (6,7) (6,9) 
(6,12) (7,7) (7,16) (7,18) (7,19) 
(8,10) (8,15) (8,18) (9,8) (9,9) 
(9,18) (10,15) (10,17) (11,18) (11,20) 
(13,20) (19,21) (20,20) (21,19) (21,20) 
(21,21) (22,19) (22,20) (4,21) (4,22) (4,23) (5,9) (5,13) (5,24) 
(6,9) (6,21) (7,9) (7,10) (7,12) 
(7,13) (7,20) (7,21) (7,23) (7,24) 
(8,22) (9,14) (9,23) (13,0) (14,0) 
(14,29) (15,29) (17,24) (18,23) (19,19) 
(19,20) (19,22) (19,23) (19,24) (20,18) 
(20,21) (20,22) (21,18) (21,21) (22,19) 
(24,15) (25,13) (25,14) (25,15) (27,13) 
(27,14) (27,15) (28,14) (28,15) (2,20) (4,13) (4,15) (4,23) (4,26) (5,9) 
(5,10) (5,25) (6,9) (6,12) (6,23) 
(6,24) (6,25) (6,27) (7,8) (7,16) 
(7,18) (7,19) (8,12) (8,13) (8,15) 
(8,17) (8,18) (9,8) (9,9) (9,14) 
(9,23) (10,9) (10,12) (10,16) (11,20) 
(11,22) (13,20) (20,20) (21,18) (21,19) 
(21,20) (22,18) (22,19) (22,20) (0,15) (1,6) (1,17) (3,12) (3,15) (4,8) 
(5,12) (5,13) (5,23) (6,7) (6,9) 
(6,13) (6,14) (6,23) (6,24) (7,10) 
(7,12) (7,13) (7,14) (7,25) (8,13) 
(8,23) (8,24) (8,25) (18,17) (20,22) 
(28,15) (28,21) (29,13) (29,16) (4,11) (5,10) (5,12) (5,13) (5,22) (5,23) 
(5,24) (6,10) (6,12) (6,15) (6,20) 
(6,25) (7,11) (7,12) (7,25) (9,23) 
(9,24) (20,19) (20,21) (21,19) (21,20) 
(22,18) (25,16) (3,14) (4,8) (4,11) (4,12) (5,10) (5,12) 
(6,11) (7,9) (7,10) (8,9) (12,0) 
(13,2) (13,29) (14,0) (14,27) (21,19) 
(21,20) (21,21) (22,19) (22,21) (24,18) 
(4,0) (6,0) (6,28) (6,29) (14,5) (14,6) 
(14,7) (14,9) (14,10) (15,5) (15,6) 
(15,10) (15,11) (16,5) (16,6) (16,7) 
(29,6) (2,15) (2,19) (3,11) (3,24) (4,9) (4,11) 
(4,13) (4,23) (5,10) (5,13) (5,14) 
(5,22) (5,23) (6,23) (7,22) (8,11) 
(8,12) (9,8) (10,9) (12,0) (13,1) 
(14,28) (16,26) (16,27) (17,14) (18,20) 
(19,22) (20,20) (21,17) (21,18) (22,17) 
(22,20) (0,14) (2,14) (3,12) (4,10) (4,13) (5,9) 
(5,14) (5,22) (5,24) (6,22) (6,25) 
(6,26) (7,9) (7,13) (7,14) (7,22) 
(7,25) (7,26) (8,8) (8,10) (8,12) 
(8,23) (8,25) (9,23) (9,24) (9,25) 
(19,20) (20,18) (20,22) (21,18) (21,20) 
(22,19) (22,20) (24,16) (29,14) (1,13) (1,14) (2,12) (2,13) (3,11) (3,12) 
(3,15) (4,9) (4,10) (4,13) (4,14) 
(5,9) (5,12) (5,13) (5,14) (6,9) 
(6,10) (6,11) (16,19) (16,20) (17,20) 
(17,21) (20,20) (21,19) (21,21) (22,19) 
(22,20) (26,23) (26,24) (26,25) (27,22) 
(27,25) (28,22) (28,23) (28,24) (4,11) (4,12) (4,23) (5,9) (5,10) (5,13) 
(5,23) (5,25) (6,9) (6,10) (6,14) 
(6,16) (6,23) (6,25) (7,12) (7,13) 
(8,9) (8,11) (8,12) (8,24) (9,8) 
(10,11) (20,19) (21,18) (21,19) (21,20) 
(22,19) (0,15) (0,17) (0,18) (1,15) (1,17) (1,18) 
(2,16) (2,17) (20,27) (20,28) (21,26) 
(21,27) (21,28) (29,16) (1,18) (4,11) (5,10) (5,21) (5,23) (5,28) 
(6,11) (6,12) (6,20) (7,9) (7,10) 
(7,18) (7,25) (8,10) (9,23) (9,24) 
(20,20) (23,14) (23,16) (23,18) (24,16) 
(27,23) (0,15) (0,17) (1,15) (1,17) (1,18) (2,16) 
(29,16) (0,16) (0,17) (0,18) (1,16) (1,18) (3,12) 
(3,16) (3,17) (4,9) (4,10) (4,11) 
(4,12) (5,9) (5,10) (5,12) (5,23) 
(6,5) (6,6) (6,7) (6,10) (6,23) 
(7,5) (7,6) (7,11) (8,22) (8,23) 
(8,24) (9,22) (9,23) (9,24) (12,27) 
(12,28) (13,26) (13,27) (13,28) (14,27) 
(14,28) (17,23) (17,24) (18,22) (18,23) 
(18,25) (18,26) (19,26) (20,26) (29,16) 
(29,17) (29,18) (1,13) (1,14) (2,13) (2,15) (3,12) (4,13) 
(4,14) (4,15) (15,20) (16,20) (17,20) 
(26,24) (26,25) (27,23) (27,24) (28,22) 
(28,23) (4,11) (5,10) (5,12) (5,13) (5,22) (5,23) 
(5,24) (6,9) (6,12) (6,13) (6,22) 
(6,25) (7,13) (7,23) (7,24) (8,25) 
(10,9) (18,20) (19,22) (20,21) (21,19) 
(21,20) (22,18) (19,0) (19,29) (20,23) (20,29) (21,22) (21,24) 
(21,25) (21,27) (21,28) (22,22) (22,26) 
(23,24) (23,25) (28,1) (3,12) (4,10) (4,11) (4,23) (4,25) (5,9) 
(5,22) (6,8) (6,13) (6,23) (7,8) 
(7,10) (7,18) (7,19) (7,23) (7,25) 
(7,26) (8,7) (8,13) (8,15) (8,17) 
(8,18) (8,23) (9,8) (9,12) (9,13) 
(9,14) (10,16) (10,17) (11,11) (11,16) 
(11,21) (12,24) (20,18) (21,19) (21,21) 
(22,18) (22,20) (23,19) (2,21) (6,22) (7,23) (8,23) (8,24) (11,27) 
(11,28) (12,28) (13,0) (13,1) (13,28) 
(15,27) (16,27) (16,28) (17,23) (18,26) 
(19,24) (20,22) (20,25) (2,21) (3,19) (7,23) (8,21) (8,23) (8,24) 
(11,0) (11,1) (11,27) (11,28) (12,28) 
(13,28) (16,24) (16,27) (18,23) (19,24) 
(20,25) (21,21) (22,20) (0,13) (0,15) (4,9) (4,10) (4,11) (4,23) 
(5,11) (5,12) (5,13) (5,16) (5,23) 
(5,24) (5,25) (6,22) (7,10) (8,10) 
(8,11) (8,23) (8,24) (8,25) (9,24) 
(10,15) (10,24) (19,18) (20,19) (21,19) 
(24,21) (5,10) (5,11) (5,12) (5,16) (6,9) (6,12) 
(7,11) (21,20) (21,24) (22,19) (22,20) 
(22,22) (2,13) (2,28) (3,19) (4,14) (5,9) (5,14) 
(5,22) (6,13) (6,23) (6,24) (6,25) 
(6,27) (7,9) (7,16) (7,18) (8,9) 
(8,13) (8,15) (8,17) (8,18) (8,22) 
(8,27) (9,8) (9,9) (9,14) (9,18) 
(9,21) (10,16) (11,9) (11,22) (13,20) 
(19,21) (19,22) (21,18) (22,18) (22,20) 
(23,21) (25,16) (0,14) (0,15) (0,18) (1,14) (2,16) (2,18) 
(3,16) (5,19) (7,22) (8,23) (9,23) 
(10,25) (11,22) (12,27) (13,27) (14,27) 
(14,28) (17,23) (17,25) (17,26) (18,24) 
(18,25) (19,24) (20,23) (20,26) (20,28) 
(21,28) (24,27) (29,15) (29,16) (29,17) 
(29,20) (4,11) (4,12) (4,13) (4,16) (5,8) (5,9) 
(5,10) (6,10) (6,22) (7,11) (7,12) 
(8,22) (8,23) (9,23) (12,0) (12,27) 
(13,27) (13,28) (14,27) (17,23) (17,24) 
(17,27) (18,23) (18,25) (19,23) (19,25) 
(1,26) (3,9) (4,12) (4,25) (5,11) (5,22) 
(6,5) (6,8) (6,10) (6,13) (6,23) 
(6,25) (7,8) (7,13) (7,18) (7,19) 
(7,23) (8,7) (8,11) (8,13) (8,15) 
(8,18) (8,24) (9,12) (9,13) (9,15) 
(9,18) (10,17) (10,21) (10,23) (11,16) 
(11,21) (12,18) (18,20) (20,20) (22,18) 
(22,20) (23,19) (24,24) (21,5) (21,6) (22,4) (22,5) (22,7) (23,8) 
(24,6) (24,8) (25,6) (25,7) (25,8) 
(25,10) (26,6) (26,7) (27,7) (28,6) 
(28,8) (29,7) (0,12) (5,11) (6,11) (6,12) (6,13) (6,14) 
(7,11) (7,13) (8,11) (23,14) (25,8) 
(25,16) (25,18) (26,13) (26,15) (27,14) 
(28,16) (28,17) (28,18) (0,17) (0,18) (2,16) (2,17) (6,5) (6,6) 
(6,22) (6,23) (6,24) (7,6) (8,23) 
(8,24) (20,27) (21,27) (29,16) (29,17) 
(2,11) (4,11) (4,12) (4,13) (4,16) (5,9) 
(5,10) (6,10) (6,22) (7,11) (7,15) 
(9,21) (9,23) (11,26) (12,0) (12,27) 
(13,27) (14,20) (14,27) (17,24) (18,23) 
(18,25) (19,23) (19,25) (20,22) (23,26) (25,24) (26,22) (26,24) (27,22) 
(27,23) (27,24) (0,25) (1,6) (2,26) (3,3) (3,27) (3,28) 
(3,29) (4,19) (4,25) (4,28) (4,29) 
(5,29) (6,28) (7,29) (8,0) (8,25) 
(15,27) (3,21) (4,11) (4,12) (5,9) (5,10) (5,11) 
(5,12) (5,15) (5,24) (6,9) (6,10) 
(6,14) (6,23) (6,25) (7,10) (7,14) 
(7,15) (8,13) (8,24) (20,19) (21,18) 
(21,19) (21,20) (22,19) (4,11) (5,9) (5,10) (5,12) (6,9) (6,10) 
(6,12) (7,8) (7,16) (7,18) (7,19) 
(8,7) (8,10) (8,15) (8,18) (9,8) 
(9,9) (9,18) (10,15) (10,16) (10,17) 
(11,20) (11,21) (11,22) (19,21) (20,20) 
(21,19) (21,20) (21,21) (22,19) (22,20) 
(1,12) (2,9) (3,12) (3,14) (4,8) (4,13) 
(4,14) (4,23) (4,24) (5,7) (5,14) 
(5,22) (5,23) (6,11) (6,23) (7,12) 
(7,14) (7,24) (8,11) (8,12) (10,17) 
(11,28) (13,29) (15,27) (15,28) (16,28) 
(18,21) (19,18) (20,17) (20,20) (22,18) 
(22,19) (22,20) (0,15) (0,17) (1,6) (1,15) (1,17) (2,16) 
(3,12) (3,15) (4,8) (5,12) (5,13) 
(5,23) (6,7) (6,9) (6,13) (6,14) 
(6,23) (6,24) (6,25) (7,10) (7,12) 
(7,13) (7,14) (7,25) (8,12) (8,13) 
(8,24) (8,25) (20,19) (20,20) (28,21) 
(29,16) (3,11) (3,12) (4,10) (4,11) (4,12) (4,13) 
(5,9) (5,12) (5,13) (5,22) (5,23) 
(6,8) (6,10) (6,18) (6,22) (6,23) 
(7,7) (7,8) (7,17) (7,18) (7,19) 
(8,7) (8,13) (8,15) (8,16) (9,8) 
(9,9) (9,10) (9,11) (9,12) (9,13) 
(9,18) (10,13) (10,17) (11,15) (11,16) 
(11,17) (11,20) (11,21) (11,22) (19,19) 
(20,19) (20,20) (21,21) (22,18) (22,19) 
(22,21) (23,18) (23,19) (4,23) (5,11) (5,13) (6,7) (6,9) (6,22) 
(6,23) (6,25) (7,11) (7,12) (7,13) 
(7,26) (8,24) (9,25) (10,27) (4,9) (4,22) (5,14) (6,12) (6,14) (6,22) 
(6,23) (6,25) (6,29) (7,9) (7,25) 
(8,9) (8,10) (9,13) (9,23) (9,25) 
(21,13) (22,18) (23,19) (24,16) (29,18) 
(1,7) (2,26) (3,18) (3,22) (4,21) (4,25) 
(5,9) (5,23) (5,24) (5,25) (6,9) 
(6,17) (6,21) (7,13) (8,7) (8,11) 
(8,13) (8,19) (8,20) (9,8) (9,9) 
(9,14) (9,17) (10,13) (10,15) (11,12) 
(11,19) (12,15) (13,17) (13,24) (14,21) 
(18,22) (21,18) (22,19) (22,20) (24,22) 
(2,26) (3,9) (3,15) (3,22) (4,21) (4,22) 
(5,9) (5,23) (5,24) (5,25) (6,9) 
(6,17) (6,21) (7,8) (7,12) (8,7) 
(8,11) (8,13) (8,17) (8,20) (9,8) 
(9,9) (9,14) (10,13) (10,15) (11,12) 
(11,19) (12,15) (12,17) (13,17) (13,24) 
(14,21) (19,21) (20,20) (21,18) (22,19) 
(22,20) (24,22) (15,12) (15,13) (15,14) (16,12) (16,13) (16,14) 
(16,15) (17,12) (17,13) (17,14) (17,15) 
(17,19) (17,20) (5,20) (5,21) (5,22) (7,22) (8,22) (9,22) 
(10,28) (11,28) (3,19) (7,23) (8,24) (10,23) (11,0) (11,21) 
(11,27) (11,28) (12,28) (13,0) (13,28) 
(15,26) (18,19) (18,23) (19,24) (20,22) 
(21,23) (22,20) (29,20) (2,13) (2,14) (4,14) (6,12) (6,13) (7,12) 
(7,13) (8,9) (24,14) (25,14) (25,15) 
(25,16) (26,14) (26,16) (27,14) (27,15) 
(28,12) (28,16) (28,17) (5,11) (5,12) (5,13) (6,12) (6,13) (7,11) 
(7,12) (7,13) (25,14) (25,15) (25,16) 
(26,14) (26,15) (27,14) (27,15) (27,17) 
(28,15) (28,16) (28,17) (4,12) (5,7) (5,11) (7,12) (15,16) (15,21) 
(16,19) (16,20) (18,21) (25,25) (26,25) 
(27,22) (27,24) (28,23) (28,27) (29,21) 
(4,11) (5,10) (5,11) (6,11) (6,12) (25,23) 
(26,22) (26,24) (26,25) (27,22) (27,24) 
(28,23) (0,18) (1,13) (2,14) (2,15) (3,11) (3,14) 
(3,26) (4,9) (4,11) (4,23) (5,10) 
(5,13) (5,22) (6,23) (7,23) (7,24) 
(8,11) (8,12) (9,7) (10,9) (12,0) 
(12,28) (16,26) (16,27) (17,20) (18,20) 
(19,19) (19,20) (20,19) (20,20) (21,17) 
(21,18) (5,23) (6,21) (6,22) (6,24) (6,25) (7,24) 
(7,25) (12,29) (13,29) (14,0) (14,28) 
(2,10) (4,10) (4,11) (5,12) (5,13) (5,22) 
(5,24) (6,10) (6,15) (6,24) (7,11) 
(7,25) (8,25) (9,15) (9,17) (10,23) 
(10,24) (20,19) (20,21) (20,22) (21,19) 
(22,19) (25,17) (0,15) (0,16) (0,17) (1,15) (1,17) (2,17) 
(3,13) (3,14) (5,13) (6,12) (6,13) (7,12) 
(7,13) (19,0) (19,29) (20,0) (20,23) 
(20,24) (20,29) (21,22) (21,24) (21,25) 
(21,26) (21,27) (21,28) (22,26) (22,27) 
(23,25) (24,14) (25,13) (25,14) (25,16) 
(26,13) (26,16) (27,13) (27,14) (27,17) 
(28,15) (28,16) (4,11) (5,10) (5,12) (6,10) (6,12) (6,13) 
(7,11) (19,20) (20,20) (21,19) (21,20) 
(22,19) (23,19) (6,26) (6,27) (6,28) (7,27) (8,26) (8,27) 
(9,10) (9,11) (9,28) (9,29) (10,0) 
(10,10) (10,11) (10,12) (10,28) (11,9) 
(11,11) (11,12) (11,29) (14,12) (14,13) 
(15,12) (15,13) (0,3) (0,4) (2,8) (3,7) (3,8) (3,9) 
(4,7) (4,9) (7,13) (7,15) (8,13) 
(8,15) (9,13) (9,15) (23,2) (24,2) 
(25,2) (7,22) (7,23) (7,24) (8,22) (8,23) (8,24) 
(11,27) (11,28) (11,29) (12,28) (16,19) 
(16,20) (16,21) (19,24) (22,8) (23,7) 
(23,9) (24,6) (25,4) (25,5) (25,6) 
(25,8) (25,9) (26,23) (26,24) (26,25) 
(27,7) (27,22) (27,25) (28,8) (28,22) 
(28,23) (28,24) (29,7) (4,11) (5,12) (5,13) (5,23) (5,24) (6,10) 
(6,12) (6,13) (6,22) (6,25) (7,10) 
(7,11) (7,22) (7,23) (7,24) (7,25) 
(11,8) (19,21) (20,21) (21,19) (21,20) 
(23,18) (0,25) (1,6) (1,22) (2,26) (3,3) (3,26) 
(3,28) (4,23) (4,28) (4,29) (5,29) 
(6,0) (6,28) (6,29) (7,29) (8,25) 
(15,27) (0,14) (4,18) (5,22) (6,19) (6,25) (7,22) 
(7,24) (11,15) (11,27) (12,23) (12,26) 
(13,27) (13,28) (14,29) (16,24) (16,25) 
(18,19) (18,27) (27,21) (28,19) (2,8) (2,11) (3,7) (3,9) (4,7) (5,6) 
(7,15) (8,12) (8,14) (8,15) (9,15) 
(22,1) (24,2) (27,4) (29,2) (29,4) 
(4,10) (4,11) (5,9) (5,12) (7,9) (7,10) 
(7,11) (19,0) (19,29) (20,0) (20,19) 
(20,23) (20,24) (20,29) (21,22) (21,24) 
(21,25) (21,26) (21,27) (21,28) (22,19) 
(22,22) (22,26) (22,27) (23,25) (21,5) (21,6) (22,4) (22,5) (22,7) (22,11) 
(23,8) (24,7) (24,8) (25,6) (25,7) 
(25,10) (26,5) (26,6) (28,3) (28,8) 
(29,7) (4,20) (5,10) (5,21) (5,22) (5,23) (5,24) 
(6,9) (6,10) (6,12) (6,19) (6,21) 
(6,22) (6,23) (7,10) (7,12) (7,19) 
(7,23) (7,25) (8,22) (9,23) (9,24) 
(10,13) (11,27) (11,28) (13,0) (14,0) 
(14,28) (14,29) (15,21) (16,25) (17,24) 
(18,23) (19,18) (19,23) (19,24) (20,19) 
(20,20) (20,21) (21,19) (21,20) (21,21) 
(22,19) (22,25) (6,18) (7,8) (7,18) (8,7) (8,8) (8,15) 
(8,16) (8,19) (9,8) (9,9) (9,15) 
(9,16) (10,16) (10,17) (10,21) (11,21) 
(12,21) (0,3) (2,8) (3,7) (3,8) (3,9) (4,7) 
(4,9) (7,13) (7,15) (8,13) (8,15) 
(9,13) (9,15) (23,2) (24,2) (25,2) 
(29,4) (1,16) (2,16) (2,17) (4,10) (4,22) (4,23) 
(4,25) (5,8) (5,9) (5,10) (5,21) 
(6,11) (6,20) (6,21) (7,8) (7,9) 
(7,18) (7,19) (7,21) (7,23) (7,24) 
(7,25) (7,26) (8,7) (8,10) (8,11) 
(8,12) (8,13) (8,14) (8,17) (8,18) 
(8,19) (8,22) (8,24) (8,26) (9,8) 
(9,9) (9,10) (9,11) (9,15) (9,17) 
(9,18) (9,24) (9,25) (10,14) (10,27) 
(10,28) (11,18) (11,24) (11,25) (11,28) 
(12,18) (12,26) (12,29) (13,27) (13,29) 
(14,28) (14,29) (19,22) (19,23) (20,20) 
(20,21) (21,18) (21,21) (22,18) (22,20) 
(23,18) (23,20) (1,18) (4,22) (5,8) (5,16) (5,22) (6,11) 
(6,12) (6,20) (6,25) (6,29) (7,9) 
(7,11) (7,25) (8,9) (8,10) (9,23) 
(9,25) (20,20) (23,14) (23,15) (23,19) 
(24,16) (24,20) (0,14) (1,14) (3,11) (3,12) (4,9) (4,13) 
(5,14) (5,22) (5,23) (5,24) (5,25) 
(6,9) (6,10) (6,17) (6,18) (6,19) 
(6,21) (6,24) (6,25) (7,10) (7,12) 
(7,13) (7,19) (7,24) (8,8) (8,10) 
(8,18) (9,8) (9,10) (9,16) (9,18) 
(9,21) (10,8) (10,9) (10,10) (10,15) 
(10,16) (10,17) (10,21) (10,23) (10,24) 
(11,16) (11,17) (11,20) (11,21) (11,23) 
(19,20) (19,21) (20,17) (20,18) (21,17) 
(21,21) (22,21) (23,18) (23,19) (23,20) 
(29,14) (0,25) (1,3) (1,22) (2,4) (2,26) (3,1) 
(3,26) (4,23) (5,29) (6,0) (6,28) 
(6,29) (7,26) (7,28) (7,29) (8,25) 
(15,27) (0,13) (0,15) (3,14) (4,9) (4,10) (4,11) 
(4,23) (5,11) (5,12) (5,13) (5,16) 
(5,23) (5,24) (5,25) (6,10) (6,22) 
(7,10) (7,12) (8,11) (8,23) (8,24) 
(8,25) (9,24) (10,24) (19,18) (20,19) 
(21,19) (22,19) (2,7) (2,8) (3,7) (3,10) (4,7) (4,9) 
(4,11) (5,10) (5,11) (5,13) (6,11) 
(6,14) (7,12) (7,13) (8,12) (8,13) 
(8,15) (8,16) (24,1) (24,2) (24,3) 
(24,15) (25,13) (25,14) (25,15) (27,13) 
(27,14) (27,15) (28,14) (28,15) (0,14) (2,13) (4,11) (4,12) (4,13) (5,9) 
(5,10) (5,12) (5,13) (5,17) (5,20) 
(5,22) (5,24) (6,10) (6,12) (6,16) 
(6,22) (6,25) (6,26) (7,8) (7,13) 
(7,16) (7,22) (7,25) (7,26) (8,7) 
(8,11) (8,15) (8,23) (8,25) (9,8) 
(9,18) (9,23) (9,24) (9,25) (10,10) 
(10,11) (10,15) (10,17) (10,19) (11,21) 
(11,22) (11,23) (20,18) (20,19) (20,20) 
(21,18) (21,20) (22,16) (22,20) (29,14) 
(0,3) (0,4) (0,23) (0,24) (0,25) (1,2) 
(1,4) (1,5) (1,23) (1,24) (1,25) 
(2,1) (2,2) (3,1) (3,2) (3,3) 
(6,4) (6,5) (8,3) (8,4) (27,24) 
(27,25) (29,23) (0,19) (0,20) (1,19) (1,20) (1,21) (2,21) 
(3,20) (7,22) (7,23) (7,24) (8,22) 
(8,23) (8,24) (11,27) (11,28) (11,29) 
(12,28) (19,24) (25,14) (25,15) (25,16) 
(26,15) (26,17) (26,18) (27,15) (27,17) 
(27,18) (28,14) (0,15) (0,18) (1,13) (2,12) (2,13) (2,15) 
(2,17) (2,18) (3,12) (4,13) (4,14) 
(5,14) (16,19) (16,20) (16,21) (20,26) 
(20,28) (21,26) (21,28) (22,27) (26,23) 
(26,24) (26,25) (27,22) (27,25) (28,22) 
(28,23) (28,24) (29,16) (29,17) (4,23) (4,24) (5,9) (5,10) (5,23) (5,24) 
(5,25) (6,9) (6,12) (6,13) (6,23) 
(6,24) (6,25) (7,8) (7,12) (7,13) 
(7,16) (7,18) (7,19) (8,7) (8,12) 
(8,13) (8,15) (8,18) (9,8) (9,9) 
(9,14) (9,18) (10,15) (10,16) (10,17) 
(11,20) (11,21) (11,22) (20,20) (21,18) 
(21,19) (21,20) (22,18) (22,19) (22,20) 
(3,11) (4,11) (5,10) (5,12) (6,7) (6,9) 
(6,12) (7,7) (7,16) (7,18) (8,15) 
(8,18) (9,8) (9,9) (9,18) (10,12) 
(10,15) (10,19) (11,18) (11,20) (19,19) 
(19,23) (20,20) (21,20) (22,18) (22,21) 
(22,22) (4,9) (4,10) (4,11) (5,9) (6,9) (6,10) 
(6,11) (7,23) (8,22) (8,23) (9,23) 
(13,27) (13,28) (14,28) (17,25) (18,23) 
(18,24) (19,25) (20,21) (4,10) (4,11) (4,12) (4,13) (4,23) (4,24) 
(5,9) (5,12) (5,13) (5,14) (5,22) 
(5,23) (6,15) (6,23) (7,9) (7,10) 
(7,12) (7,14) (7,24) (8,11) (8,12) 
(12,0) (13,0) (13,29) (14,0) (14,28) 
(20,18) (20,19) (20,20) (21,18) (21,20) 
(22,18) (22,19) (22,20) (0,6) (15,20) (16,20) (17,20) (23,7) (23,8) 
(23,9) (24,5) (24,8) (25,5) (25,8) 
(26,9) (26,24) (26,25) (27,8) (27,23) 
(27,24) (28,6) (28,23) (29,7) (29,21) 
(0,14) (1,14) (4,11) (4,12) (4,13) (5,9) 
(5,10) (5,12) (5,13) (5,22) (5,24) 
(6,10) (6,12) (6,13) (6,17) (6,22) 
(6,25) (6,26) (7,8) (7,16) (7,18) 
(7,19) (7,22) (7,25) (7,26) (8,7) 
(8,11) (8,15) (8,18) (8,23) (8,25) 
(9,8) (9,9) (9,10) (9,18) (9,23) 
(9,24) (9,25) (10,15) (10,16) (10,17) 
(11,20) (11,21) (11,22) (20,18) (20,19) 
(20,20) (21,18) (21,20) (22,18) (22,19) 
(22,20) (29,14) (4,23) (5,10) (5,21) (5,22) (5,23) (5,24) 
(6,9) (6,10) (6,12) (6,21) (6,22) 
(6,25) (7,10) (7,12) (7,21) (7,23) 
(7,25) (8,11) (8,25) (9,22) (9,23) 
(9,24) (11,27) (11,28) (12,28) (13,0) 
(13,28) (14,0) (14,29) (17,23) (17,24) 
(18,23) (18,24) (19,24) (19,25) (20,19) 
(20,20) (20,21) (21,19) (21,20) (21,21) 
(22,18) (22,19) (12,0) (13,0) (13,28) (13,29) (14,3) (15,29) 
(16,29) (6,24) (6,25) (7,24) (7,25) (25,14) (25,15) 
(25,16) (26,14) (26,15) (27,14) (27,15) 
(27,17) (28,15) (28,16) (28,17) (0,16) (0,18) (1,2) (2,3) (2,4) (4,11) 
(5,10) (5,12) (5,13) (6,10) (6,12) 
(6,13) (7,11) (7,12) (4,11) (4,12) (4,23) (5,9) (5,10) (5,12) 
(5,13) (5,15) (5,23) (5,24) (6,9) 
(6,10) (6,14) (6,23) (6,25) (7,10) 
(7,12) (7,13) (7,14) (8,11) (8,12) 
(8,24) (20,19) (21,18) (21,19) (21,20) 
(22,19) (0,8) (0,9) (10,23) (10,24) (11,24) (12,24) 
(27,9) (27,10) (28,7) (28,10) (29,8) 
(29,9) (2,10) (4,11) (5,12) (5,13) (5,24) (6,10) 
(6,15) (6,24) (7,10) (7,11) (7,22) 
(7,25) (8,25) (9,15) (9,17) (10,23) 
(10,24) (20,19) (20,21) (20,22) (21,19) 
(22,19) (24,17) (2,15) (3,11) (3,18) (3,24) (4,9) (4,11) 
(4,13) (4,14) (4,23) (5,10) (5,13) 
(5,14) (5,22) (5,23) (6,23) (7,24) 
(8,11) (8,12) (9,10) (10,9) (12,0) 
(13,29) (14,28) (16,26) (16,27) (18,20) 
(19,19) (19,20) (20,17) (20,19) (20,20) 
(21,17) (21,18) (0,15) (0,17) (1,15) (1,18) (2,16) (2,17) 
(3,18) (19,0) (20,27) (21,26) (21,27) 
(22,0) (28,20) (29,17) (0,11) (3,21) (4,15) (4,20) (4,21) (5,8) 
(5,15) (5,24) (6,7) (6,21) (7,9) 
(7,10) (7,13) (7,22) (7,23) (7,24) 
(9,14) (9,18) (9,23) (12,29) (13,0) 
(14,29) (16,22) (17,3) (17,24) (18,23) 
(19,20) (19,22) (19,23) (19,24) (20,18) 
(20,21) (20,22) (21,18) (22,19) (22,21) 
(25,13) (25,14) (25,15) (26,13) (27,13) 
(28,11) (28,15) (28,16) (2,13) (4,11) (4,12) (5,12) (6,9) (6,10) 
(7,10) (9,11) (21,19) (21,20) (22,19) 
(22,20) (22,22) (0,16) (0,17) (0,18) (1,16) (1,21) (2,17) 
(4,9) (4,10) (4,11) (4,12) (5,9) 
(5,10) (5,12) (5,19) (6,5) (6,7) 
(6,9) (6,10) (6,22) (6,23) (7,5) 
(7,6) (7,11) (8,22) (8,23) (8,24) 
(9,22) (9,23) (11,26) (12,27) (12,28) 
(13,26) (13,28) (13,29) (14,27) (14,28) 
(17,20) (17,24) (17,28) (18,23) (18,26) 
(19,25) (20,26) (21,19) (29,16) (29,17) 
(29,18) (0,13) (2,18) (2,23) (22,14) (23,18) (26,14) 
(26,17) (27,15) (27,17) (28,12) (28,16) 
(29,14) (29,18) (0,16) (0,17) (0,18) (1,16) (1,21) (2,19) 
(4,3) (4,9) (4,10) (4,11) (4,14) 
(5,9) (5,10) (5,12) (5,19) (6,7) 
(6,10) (6,21) (6,22) (6,23) (7,5) 
(7,6) (7,11) (7,25) (8,22) (9,22) 
(9,23) (11,26) (12,27) (12,28) (13,26) 
(13,28) (13,29) (14,0) (14,28) (17,20) 
(17,24) (17,28) (18,26) (19,25) (20,25) 
(20,26) (21,19) (26,20) (29,16) (29,18) 
(0,17) (1,16) (1,17) (2,17) (4,10) (4,22) 
(4,23) (4,24) (5,10) (5,24) (6,8) 
(6,9) (6,10) (6,12) (6,20) (6,27) 
(7,6) (7,15) (7,20) (7,25) (8,11) 
(8,20) (8,24) (9,24) (10,23) (10,28) 
(11,27) (11,29) (12,0) (12,26) (14,0) 
(14,26) (14,27) (15,1) (15,24) (17,23) 
(18,21) (18,22) (18,25) (19,20) (19,21) 
(20,19) (21,21) (22,20) (22,22) (23,19) 
(23,27) (3,12) (4,10) (5,10) (5,13) (6,11) (7,12) 
(3,12) (4,11) (4,12) (5,10) (5,12) (6,9) 
(6,10) (6,11) (7,9) (7,10) (12,0) 
(13,0) (13,29) (14,0) (14,28) (21,19) 
(21,20) (21,21) (22,19) (22,20) (22,21) 
(4,13) (4,15) (4,23) (4,26) (5,6) (5,25) 
(6,10) (6,12) (6,26) (6,27) (7,8) 
(7,16) (7,19) (8,12) (8,13) (8,15) 
(8,17) (9,6) (9,8) (9,9) (9,23) 
(11,11) (11,16) (11,20) (11,22) (12,7) 
(12,16) (13,20) (20,20) (21,19) (21,20) 
(22,18) (22,20) (24,22) (29,20) (0,15) (0,17) (1,15) (1,17) (1,18) (2,16) 
(3,9) (3,12) (4,9) (4,12) (5,23) 
(6,9) (6,10) (6,12) (6,14) (6,15) 
(6,23) (6,25) (7,10) (7,11) (7,12) 
(7,13) (7,14) (7,23) (7,25) (8,12) 
(8,13) (8,24) (8,25) (20,19) (21,19) 
(29,16) (4,23) (5,9) (5,10) (5,13) (5,23) (5,25) 
(6,9) (6,10) (6,12) (6,13) (6,14) 
(6,23) (6,25) (7,14) (7,16) (8,9) 
(8,12) (8,24) (9,8) (9,16) (10,11) 
(19,16) (21,19) (21,20) (22,21) 